# Photon energy [eV], real index, imaginary index.
# Literal SiO2 table from src/data/lookup_tables.jl; see repository MIT LICENSE.
2000.0 0.99993 1.503e-5
1952.0 0.99992 1.64e-5
1905.0 0.99992 1.78e-5
1860.0 0.99991 1.936e-5
1815.0 0.99991 6.3e-6
1772.0 0.99991 6.9e-6
1730.0 0.9999 7.56e-6
1688.0 0.9999 8.3e-6
1648.0 0.99989 9.08e-6
1609.0 0.99989 9.941e-6
1570.0 0.99988 1.09e-5
1533.0 0.99987 1.19e-5
1496.0 0.99987 1.31e-5
1460.0 0.99986 1.43e-5
1426.0 0.99985 1.56e-5
1392.0 0.99985 1.71e-5
1358.0 0.99984 1.87e-5
1326.0 0.99983 2.04e-5
1294.0 0.99982 2.24e-5
1263.0 0.99981 2.45e-5
1233.0 0.99981 2.67e-5
1204.0 0.9998 2.92e-5
1175.0 0.99979 3.19e-5
1147.0 0.99978 3.48e-5
1119.0 0.99976 3.81e-5
1093.0 0.99975 4.16e-5
1067.0 0.99974 4.54e-5
1041.0 0.99973 4.97e-5
1016.0 0.99971 5.42e-5
992.0 0.9997 5.92e-5
968.0 0.99968 6.47e-5
945.0 0.99967 7.06e-5
923.0 0.99965 7.69e-5
901.0 0.99964 8.36e-5
879.0 0.99962 9.12e-5
858.0 0.9996 9.928e-5
838.0 0.99958 0.000108
818.0 0.99956 0.000118
798.0 0.99954 0.000129
779.0 0.99951 0.000141
760.0 0.99949 0.000154
742.0 0.99946 0.000167
725.0 0.99944 0.000181
707.0 0.99941 0.000198
690.0 0.99938 0.000215
674.0 0.99935 0.000233
658.0 0.99932 0.000254
642.0 0.99928 0.000277
627.0 0.99925 0.000301
612.0 0.99921 0.000327
597.0 0.99917 0.000356
583.0 0.99913 0.000386
569.0 0.99909 0.00042
555.0 0.99904 0.000458
542.0 0.99899 0.000497
529.0 0.99894 0.000149
516.0 0.99889 0.000162
504.0 0.99884 0.000176
492.0 0.99878 0.000191
480.0 0.99872 0.000208
469.0 0.99866 0.000226
458.0 0.99859 0.000245
447.0 0.99852 0.000267
436.0 0.99845 0.00029
426.0 0.99837 0.000315
415.0 0.99828 0.000344
406.0 0.99821 0.000371
396.0 0.99812 0.000404
386.0 0.99802 0.00044
377.0 0.99792 0.000477
368.0 0.99782 0.000518
359.0 0.99771 0.000563
351.0 0.9976 0.000607
342.0 0.99747 0.000662
334.0 0.99735 0.000717
326.0 0.99722 0.000777
318.0 0.99708 0.000844
311.0 0.99695 0.000909
303.0 0.99678 0.000991
296.0 0.99663 0.00107
289.0 0.99646 0.00116
282.0 0.99629 0.00125
275.0 0.99609 0.00136
269.0 0.99592 0.00146
262.0 0.9957 0.00159
256.0 0.99549 0.00171
250.0 0.99527 0.00185
244.0 0.99504 0.002
238.0 0.99478 0.00216
232.0 0.99451 0.00234
227.0 0.99427 0.0025
221.0 0.99395 0.00272
216.0 0.99367 0.00292
211.0 0.99336 0.00314
206.0 0.99304 0.00337
201.0 0.99269 0.00363
196.0 0.99231 0.0039
191.0 0.9919 0.00421
187.0 0.99155 0.00447
182.0 0.99108 0.00482
178.0 0.99068 0.00511
174.0 0.99024 0.00544
170.0 0.9898 0.0058
166.0 0.9893 0.00619
162.0 0.9887 0.00662
158.0 0.9882 0.00699
154.0 0.9875 0.0073
151.2 0.9871 0.0073
147.6 0.9865 0.0076
144.2 0.986 0.0081
140.9 0.9855 0.0089
137.8 0.9853 0.0099
134.8 0.9854 0.0107
131.9 0.9858 0.0114
129.2 0.9868 0.0111
126.5 0.9872 0.0111
124.0 0.9874 0.0097
121.6 0.9865 0.0085
119.2 0.9851 0.0083
117.0 0.9841 0.0096
114.8 0.9848 0.0099
112.7 0.9844 0.009
110.7 0.9822 0.0093
108.8 0.9828 0.0159
106.9 0.9867 0.0106
105.1 0.9858 0.0075
103.3 0.9839 0.0065
101.6 0.9823 0.0068
99.99 0.9813 0.007
98.4 0.9803 0.0073
96.86 0.9794 0.0076
95.37 0.9789 0.0076
93.93 0.9778 0.0083
92.53 0.977 0.0087
91.17 0.9761 0.0093
89.84 0.9747 0.0103
82.66 0.9634 0.0199
77.49 0.9608 0.0226
72.93 0.9562 0.0244
68.88 0.9509 0.0281
65.26 0.9458 0.0335
61.99 0.9416 0.0374
59.04 0.9386 0.0437
56.36 0.9328 0.0462
53.91 0.9271 0.052
51.66 0.9222 0.0578
49.59 0.9164 0.065
47.69 0.9105 0.0726
45.92 0.9207 0.068
44.28 0.9175 0.075
42.75 0.9137 0.082
41.33 0.913 0.09
40.0 0.907 0.092
38.75 0.901 0.094
37.57 0.895 0.098
36.47 0.888 0.107
35.42 0.882 0.113
34.44 0.877 0.12
33.51 0.87 0.128
32.63 0.866 0.137
31.79 0.858 0.144
31.0 0.851 0.156
30.24 0.845 0.169
29.52 0.839 0.18
28.83 0.833 0.19
28.18 0.827 0.202
27.55 0.822 0.218
26.95 0.817 0.233
26.38 0.813 0.25
25.83 0.808 0.27
25.3 0.804 0.282
25.0 0.733 0.325
24.8 0.803 0.3
24.31 0.804 0.322
24.0 0.753 0.375
23.84 0.806 0.343
23.39 0.811 0.366
23.0 0.774 0.434
22.96 0.817 0.385
22.54 0.822 0.408
22.14 0.829 0.43
22.0 0.797 0.48
21.75 0.833 0.45
21.38 0.843 0.47
21.01 0.851 0.482
21.0 0.827 0.53
20.66 0.862 0.497
20.0 0.859 0.585
19.5 0.879 0.613
19.0 0.902 0.645
18.5 0.927 0.677
18.0 0.957 0.712
17.75 0.975 0.731
17.5 0.999 0.75
17.25 1.03 0.763
17.0 1.072 0.768
16.75 1.124 0.765
16.5 1.137 0.755
16.25 1.156 0.737
16.0 1.172 0.717
15.75 1.178 0.703
15.5 1.172 0.696
15.25 1.167 0.699
15.0 1.168 0.711
14.75 1.175 0.739
14.5 1.195 0.771
14.25 1.225 0.799
14.0 1.265 0.808
13.75 1.32 0.795
13.5 1.363 0.775
13.25 1.371 0.755
13.0 1.368 0.747
12.75 1.372 0.766
12.5 1.383 0.793
12.25 1.41 0.824
12.0 1.475 0.861
11.8 1.554 0.874
11.6 1.635 0.859
11.4 1.716 0.81
11.2 1.766 0.718
11.0 1.739 0.569
10.9 1.687 0.565
10.8 1.587 0.618
10.7 1.513 0.725
10.6 1.492 0.914
10.5 1.567 1.11
10.45 1.645 1.136
10.4 1.772 1.13
10.35 1.919 1.045
10.3 2.048 0.925
10.25 2.152 0.81
10.2 2.24 0.715
10.1 2.332 0.46
10.0 2.33 0.323
9.9 2.292 0.236
9.8 2.243 0.168
9.7 2.19 0.119
9.6 2.14 0.077
9.5 2.092 0.0561
9.4 2.047 0.043
9.3 2.006 0.0339
9.2 1.969 0.0271
9.1 1.935 0.0228
9.0 1.904 0.0189
8.9 1.876 0.0156
8.8 1.85 0.0132
8.7 1.825 0.0109
8.6 1.803 0.00838
8.5 1.783 0.00557
8.4 1.764 0.00317
8.3 1.747 0.0014
8.2 1.73 0.000463
8.1 1.716 0.000122
8.0 1.702 3.2e-5
7.8 1.676 4.7e-6
7.6 1.653 0.0
7.4 1.633 0.0
7.2 1.616 0.0
7.0 1.6 0.0
6.75 1.582 0.0
6.5 1.567 0.0
6.25 1.554 0.0
6.0 1.543 0.0
5.7976 1.53429 0.0
5.7819 1.53371 0.0
5.468 1.52276 0.0
5.3858 1.52009 0.0
5.2131 1.51474 0.0
5.1674 1.51338 0.0
4.9939 1.50841 0.0
4.6751 1.50004 0.0
4.594 1.49805 0.0
4.504 1.49592 0.0
4.4226 1.49404 0.0
4.2848 1.49099 0.0
4.1784 1.48873 0.0
4.1034 1.48719 0.0
3.7542 1.48053 0.0
3.7105 1.47976 0.0
3.6427 1.47858 0.0
3.577 1.47746 0.0
3.434 1.47512 0.0
3.3967 1.47453 0.0
3.064 1.46961 0.0
2.8448 1.46669 0.0
2.6503 1.46429 0.0
2.5504 1.46313 0.0
2.4379 1.46187 0.0
2.2705 1.46008 0.0
2.1489 1.45885 0.0
2.1411 1.45877 0.0
2.1102 1.45847 0.0
2.1041 1.45841 0.0
1.9257 1.45671 0.0
1.8892 1.45637 0.0
1.8566 1.45608 0.0
1.7549 1.45515 0.0
1.455 1.45248 0.0
1.3863 1.45185 0.0
1.2228 1.45025 0.0
1.1449 1.44941 0.0
1.0985 1.44888 0.0
0.91018 1.44621 0.0
0.88874 1.44584 0.0
0.84372 1.44497 0.0
0.81061 1.44427 0.0
0.74663 1.44267 0.0
0.7376 1.44241 0.0
0.73225 1.44226 0.0
0.72543 1.44205 0.0
0.68384 1.44069 0.0
0.62934 1.43851 0.0
0.60243 1.43722 0.0
0.57598 1.43576 0.0
0.53317 1.43292 0.0
0.50868 1.43095 0.0
0.38221 1.41314 0.0
0.37953 1.41253 0.0
0.37542 1.41155 0.0
0.3623 1.40819 0.0
0.35354 1.40568 0.0
0.34863 1.40418 0.0
0.33449 1.39936 0.0
0.3224 1.395 0.0
0.2976 1.383 0.0
0.2728 1.365 0.0
0.248 1.342 0.0
0.2232 1.306 0.0
0.2108 1.278 0.0
0.1984 1.239 0.0
0.1922 1.212 0.0
0.186 1.175 0.0
0.1835 1.158 0.0
0.181 1.135 0.0
0.1785 1.107 0.0
0.1761 1.084 0.0
0.1736 1.053 0.0
0.1711 1.014 0.0
0.1686 0.9702 0.0
0.1674 0.9488 0.0
0.1661 0.9175 0.0
0.1649 0.8897 0.0
0.1637 0.86 0.0
0.1624 0.8213 0.0
0.1612 0.7719 0.0
0.1599 0.7037 0.0
0.1587 0.6232 0.0
0.1575 0.5456 0.0
0.1562 0.4677 0.0
0.155 0.4113 0.0
0.1537 0.3931 0.0
0.1525 0.402 0.0
0.1513 0.4329 0.0
0.15 0.453 0.0
0.1488 0.46 0.0
0.1475 0.473 0.0
0.1463 0.4746 0.0
0.1451 0.4656 0.0
0.1438 0.4563 0.0
0.1426 0.4309 0.0
0.1413 0.3915 0.0
0.1401 0.3563 0.0
0.1389 0.3705 0.0
0.1376 0.5846 0.0
0.1364 1.043 0.0
0.1351 1.616 0.0
0.1333 2.25 0.0
0.1302 2.76 0.0
0.1271 2.839 0.0
0.124 2.694 0.0
0.1209 2.448 0.0
0.1178 2.224 0.0
0.1147 2.038 0.0
0.1116 1.869 0.0
0.1091 1.784 0.0
0.1066 1.69 0.0
0.1054 1.652 0.0
0.1041 1.619 0.0
0.1029 1.615 0.0
0.1017 1.658 0.0
0.1004 1.701 0.0
0.09919 1.753 0.0
0.09795 1.789 0.0
0.09671 1.811 0.0
0.09547 1.81 0.0
0.09423 1.779 0.0
0.09299 1.756 0.0
0.08989 1.698 0.0
0.08679 1.643 0.0
0.08369 1.598 0.0
0.08059 1.555 0.0
0.07749 1.502 0.0
0.07439 1.45 0.0
0.07191 1.401 0.0
0.06943 1.337 0.0
0.06695 1.235 0.0
0.06534 1.161 0.0
0.06447 1.05 0.0
0.06323 0.8857 0.0
0.06199 0.6616 0.0
